grid 1:
========

483 | 921 | 657
967 | 345 | 821
251 | 876 | 493
===============
548 | 132 | 976
729 | 564 | 138
136 | 798 | 245
===============
372 | 689 | 514
814 | 253 | 769
695 | 417 | 382

grid 2:
========

245 | 981 | 376
169 | 273 | 584
837 | 564 | 219
===============
976 | 125 | 438
513 | 498 | 627
482 | 736 | 951
===============
391 | 657 | 842
728 | 349 | 165
654 | 812 | 793

grid 3:
========

462 | 831 | 957
795 | 426 | 183
381 | 795 | 426
===============
173 | 984 | 265
659 | 312 | 748
248 | 567 | 319
===============
926 | 178 | 534
834 | 259 | 671
517 | 643 | 892

grid 4:
========

137 | 256 | 849
928 | 314 | 567
465 | 897 | 312
===============
673 | 542 | 981
819 | 673 | 254
542 | 189 | 736
===============
256 | 731 | 498
391 | 428 | 675
784 | 965 | 123

grid 5:
========

523 | 816 | 749
784 | 593 | 126
691 | 472 | 835
===============
239 | 145 | 687
457 | 268 | 913
168 | 937 | 254
===============
342 | 789 | 561
915 | 624 | 378
876 | 351 | 492

grid 6:
========

176 | 923 | 584
524 | 817 | 639
893 | 654 | 271
===============
957 | 348 | 162
638 | 192 | 457
412 | 765 | 398
===============
265 | 489 | 713
781 | 236 | 945
349 | 571 | 826

grid 7:
========

143 | 986 | 257
679 | 425 | 381
285 | 731 | 694
===============
962 | 354 | 178
357 | 618 | 942
418 | 279 | 563
===============
821 | 567 | 439
796 | 143 | 825
534 | 892 | 716

grid 8:
========

487 | 156 | 932
362 | 498 | 751
915 | 372 | 864
===============
846 | 519 | 273
593 | 724 | 186
271 | 863 | 549
===============
124 | 685 | 397
738 | 941 | 625
659 | 237 | 418

grid 9:
========

814 | 976 | 532
659 | 123 | 478
732 | 854 | 169
===============
948 | 265 | 317
275 | 341 | 896
163 | 798 | 245
===============
391 | 682 | 754
587 | 439 | 621
426 | 517 | 983

grid 10:
========

761 | 928 | 453
925 | 743 | 168
438 | 615 | 927
===============
357 | 461 | 289
894 | 372 | 615
216 | 589 | 374
===============
689 | 154 | 732
142 | 837 | 596
573 | 296 | 841

grid 11:
========

976 | 125 | 438
158 | 436 | 927
423 | 879 | 156
===============
234 | 761 | 895
867 | 952 | 314
519 | 384 | 762
===============
782 | 513 | 649
395 | 647 | 281
641 | 298 | 573

grid 12:
========

962 | 341 | 758
148 | 975 | 623
573 | 268 | 149
===============
321 | 694 | 875
487 | 512 | 936
695 | 837 | 412
===============
834 | 726 | 591
216 | 459 | 387
759 | 183 | 264

grid 13:
========

397 | 681 | 524
645 | 279 | 813
218 | 534 | 976
===============
823 | 956 | 741
169 | 742 | 358
754 | 318 | 692
===============
472 | 893 | 165
531 | 467 | 289
986 | 125 | 437

grid 14:
========

639 | 218 | 457
471 | 539 | 268
825 | 674 | 139
===============
564 | 823 | 791
793 | 451 | 826
218 | 796 | 345
===============
352 | 987 | 614
186 | 345 | 972
947 | 162 | 583

grid 15:
========

697 | 128 | 345
428 | 635 | 197
315 | 479 | 682
===============
531 | 246 | 978
286 | 397 | 451
974 | 581 | 263
===============
149 | 852 | 736
752 | 963 | 814
863 | 714 | 529

grid 16:
========

361 | 725 | 948
587 | 964 | 213
492 | 831 | 657
===============
638 | 259 | 471
174 | 683 | 592
259 | 147 | 836
===============
746 | 392 | 185
923 | 518 | 764
815 | 476 | 329

grid 17:
========

359 | 867 | 124
648 | 312 | 597
712 | 549 | 836
===============
876 | 924 | 351
524 | 731 | 968
193 | 685 | 472
===============
931 | 476 | 285
465 | 298 | 713
287 | 153 | 649

grid 18:
========

786 | 945 | 312
219 | 863 | 457
534 | 271 | 869
===============
165 | 482 | 973
327 | 619 | 548
498 | 537 | 126
===============
951 | 728 | 634
842 | 356 | 791
673 | 194 | 285

grid 19:
========

743 | 512 | 986
589 | 346 | 217
126 | 987 | 345
===============
934 | 251 | 768
671 | 498 | 532
852 | 763 | 491
===============
398 | 675 | 124
417 | 829 | 653
265 | 134 | 879

grid 20:
========

782 | 614 | 359
439 | 825 | 176
651 | 937 | 428
===============
293 | 471 | 865
568 | 392 | 714
147 | 568 | 293
===============
326 | 749 | 581
975 | 183 | 642
814 | 256 | 937

grid 21:
========

428 | 531 | 796
365 | 947 | 182
971 | 268 | 435
===============
214 | 896 | 573
697 | 453 | 218
583 | 172 | 964
===============
849 | 615 | 327
752 | 389 | 641
136 | 724 | 859

grid 22:
========

425 | 781 | 936
178 | 369 | 524
369 | 524 | 187
===============
894 | 157 | 362
652 | 843 | 791
713 | 692 | 845
===============
987 | 216 | 453
536 | 478 | 219
241 | 935 | 678

grid 23:
========

348 | 267 | 951
571 | 943 | 628
269 | 185 | 374
===============
697 | 351 | 482
123 | 874 | 596
854 | 629 | 137
===============
415 | 798 | 263
982 | 436 | 715
736 | 512 | 849

grid 24:
========

124 | 986 | 735
867 | 435 | 912
395 | 712 | 684
===============
478 | 359 | 261
259 | 861 | 347
631 | 274 | 598
===============
712 | 698 | 453
983 | 547 | 126
546 | 123 | 879

grid 25:
========

361 | 524 | 789
789 | 361 | 425
524 | 879 | 361
===============
893 | 157 | 642
412 | 683 | 597
657 | 942 | 138
===============
148 | 796 | 253
235 | 418 | 976
976 | 235 | 814

grid 26:
========

581 | 479 | 263
329 | 156 | 847
647 | 328 | 159
===============
956 | 731 | 428
238 | 964 | 571
714 | 582 | 936
===============
172 | 695 | 384
893 | 247 | 615
465 | 813 | 792

grid 27:
========

387 | 256 | 419
469 | 781 | 325
512 | 439 | 867
===============
123 | 548 | 976
758 | 963 | 241
694 | 127 | 583
===============
835 | 674 | 192
271 | 895 | 634
946 | 312 | 758

grid 28:
========

345 | 871 | 269
279 | 653 | 184
861 | 429 | 537
===============
197 | 346 | 852
452 | 718 | 396
683 | 592 | 741
===============
738 | 264 | 915
516 | 937 | 428
924 | 185 | 673

grid 29:
========

235 | 761 | 489
419 | 328 | 576
867 | 549 | 213
===============
746 | 135 | 928
521 | 896 | 734
983 | 472 | 651
===============
394 | 287 | 165
652 | 913 | 847
178 | 654 | 392

grid 30:
========

298 | 175 | 643
657 | 394 | 128
134 | 286 | 579
===============
821 | 649 | 735
573 | 821 | 496
469 | 753 | 281
===============
312 | 468 | 957
785 | 912 | 364
946 | 537 | 812

grid 31:
========

761 | 543 | 289
832 | 791 | 645
549 | 628 | 137
===============
374 | 215 | 968
128 | 936 | 574
695 | 487 | 321
===============
417 | 369 | 852
953 | 872 | 416
286 | 154 | 793

grid 32:
========

132 | 649 | 785
758 | 213 | 649
964 | 785 | 123
===============
543 | 897 | 216
276 | 531 | 894
891 | 426 | 537
===============
619 | 378 | 452
327 | 154 | 968
485 | 962 | 371

grid 33:
========

698 | 173 | 542
354 | 628 | 179
172 | 549 | 368
===============
531 | 897 | 426
946 | 312 | 857
827 | 456 | 913
===============
765 | 931 | 284
213 | 784 | 695
489 | 265 | 731

grid 34:
========

852 | 716 | 943
197 | 843 | 652
463 | 925 | 187
===============
278 | 634 | 591
645 | 179 | 328
931 | 582 | 476
===============
786 | 491 | 235
314 | 258 | 769
529 | 367 | 814

grid 35:
========

453 | 218 | 796
629 | 753 | 481
178 | 496 | 532
===============
796 | 582 | 314
314 | 967 | 825
285 | 134 | 679
===============
542 | 879 | 163
937 | 641 | 258
861 | 325 | 947

grid 36:
========

516 | 289 | 347
849 | 173 | 256
732 | 465 | 918
===============
698 | 317 | 524
327 | 954 | 861
154 | 826 | 739
===============
961 | 732 | 485
275 | 648 | 193
483 | 591 | 672

grid 37:
========

945 | 681 | 723
781 | 234 | 965
326 | 759 | 184
===============
269 | 175 | 348
138 | 942 | 576
574 | 863 | 219
===============
457 | 326 | 891
612 | 598 | 437
893 | 417 | 652

grid 38:
========

365 | 942 | 871
128 | 756 | 493
974 | 813 | 562
===============
819 | 435 | 627
537 | 268 | 149
642 | 179 | 358
===============
296 | 384 | 715
753 | 691 | 284
481 | 527 | 936

grid 39:
========

134 | 587 | 296
278 | 169 | 354
695 | 234 | 817
===============
359 | 816 | 472
821 | 473 | 569
746 | 925 | 183
===============
917 | 348 | 625
462 | 751 | 938
583 | 692 | 741

grid 40:
========

193 | 672 | 485
462 | 358 | 971
785 | 914 | 623
===============
538 | 296 | 714
674 | 135 | 298
219 | 487 | 356
===============
826 | 741 | 539
941 | 523 | 867
357 | 869 | 142

grid 41:
========

814 | 976 | 532
659 | 123 | 478
732 | 854 | 169
===============
948 | 265 | 317
275 | 341 | 896
163 | 798 | 245
===============
391 | 682 | 754
587 | 439 | 621
426 | 517 | 983

grid 42:
========

384 | 567 | 921
126 | 439 | 785
759 | 821 | 346
===============
563 | 798 | 214
847 | 312 | 659
912 | 645 | 873
===============
231 | 974 | 568
495 | 286 | 137
678 | 153 | 492

grid 43:
========

469 | 158 | 372
712 | 463 | 859
538 | 297 | 641
===============
927 | 634 | 518
385 | 719 | 426
146 | 582 | 793
===============
653 | 941 | 287
294 | 876 | 135
871 | 325 | 964

grid 44:
========

316 | 549 | 278
987 | 321 | 645
452 | 678 | 931
===============
594 | 236 | 817
238 | 417 | 569
671 | 985 | 324
===============
845 | 162 | 793
129 | 753 | 486
763 | 894 | 152

grid 45:
========

586 | 127 | 943
723 | 469 | 851
491 | 853 | 267
===============
135 | 974 | 628
279 | 618 | 534
648 | 532 | 179
===============
917 | 246 | 385
352 | 781 | 496
864 | 395 | 712

grid 46:
========

954 | 213 | 687
617 | 548 | 923
832 | 796 | 541
===============
763 | 851 | 294
128 | 974 | 365
549 | 362 | 178
===============
281 | 637 | 459
475 | 129 | 836
396 | 485 | 712

grid 47:
========

159 | 743 | 862
276 | 589 | 431
348 | 612 | 759
===============
624 | 978 | 315
917 | 235 | 684
583 | 164 | 297
===============
435 | 821 | 976
861 | 497 | 523
792 | 356 | 148

grid 48:
========

861 | 357 | 294
597 | 482 | 361
432 | 619 | 785
===============
916 | 275 | 843
358 | 964 | 127
274 | 138 | 956
===============
789 | 541 | 632
143 | 826 | 579
625 | 793 | 418

grid 49:
========

294 | 863 | 517
715 | 429 | 638
863 | 751 | 492
===============
152 | 947 | 863
479 | 386 | 251
638 | 512 | 974
===============
986 | 134 | 725
521 | 678 | 349
347 | 295 | 186

grid 50:
========

351 | 286 | 497
492 | 157 | 638
786 | 934 | 512
===============
275 | 469 | 183
938 | 521 | 764
614 | 873 | 259
===============
829 | 645 | 371
163 | 792 | 845
547 | 318 | 926
